[3071]         0
[3070]         0
[3069]         5
[3068]         7
[3066]         1
[3065]         4
[3064]         3
[3063]         2
[3067]         0
          2
          3
          4
          1
          0
          7
          5
         -1
[3057]     12740
[3056]         0
[3055]         0
[3054]         0
[3053]         0
[3052]     32768
[3064]         0
[3067]         3
[3065]         1
[3066]         4
[3063]         1
[3065]         2
[3047]     12404
[3046]         2
[3045]     12256
[3044]     12276
[3043]     12252
[3042]         6
[3063]         0
[3064]         1
[3037]     12404
[3036]         1
[3035]     12256
[3034]     12256
[3033]     12252
[3032]         1
[3063]         0
[3063]         0
[   0]         0
stall:          1
[   0]         0
stall:          2
[   0]         0
[3066]         3
[3067]         4
[3047]     12404
[3046]         4
[3045]     12256
[3044]     12276
[3043]     12252
[3042]         6
[3066]         3
[3066]         3
[   0]       768
stall:          3
[   0]         3
[3068]         5
[3069]         7
[3047]     12404
[3046]         6
[3045]     12256
[3044]     12276
[3043]     12252
[3042]         6
[3068]         5
[3068]         5
[   0]      1280
stall:          4
[   0]         5
stall:          5
          0
      12252
      12257
      12262
      12267
      12268
      12277
      12279